============================================================1
3
4
5
6
7
8
9
10
11
2

Program for calculation of partial differential equations.  
============================================================
(c) Dr. Thomas Ludwig, TU München.
    Thomas A. Zochler, TU München.
    Andreas C. Schmidt, TU München.
============================================================

0
12
13
14
15
16
17
18
19
20
21
22
23
Berechnungszeit:    0.129649 s 
Speicherbedarf:     0.284187 MiB
Berechnungsmethode: Gauß-Seidel
Interlines:         23
Stoerfunktion:      f(x,y) = 0
Terminierung:       Anzahl der Iterationen
Anzahl Iterationen: 512
Norm des Fehlers:   5.914791e-04

Matrix:
 1.0000 0.8750 0.7500 0.6250 0.5000 0.3750 0.2500 0.1250 0.0000
 0.8750 0.4262 0.2425 0.1856 0.1478 0.1111 0.0777 0.0722 0.1250
 0.7500 0.2425 0.0558 0.0255 0.0193 0.0148 0.0170 0.0752 0.2500
 0.6250 0.1856 0.0255 0.0027 0.0011 0.0012 0.0115 0.1059 0.3750
 0.5000 0.1478 0.0193 0.0011 0.0001 0.0005 0.0148 0.1411 0.5000
 0.3750 0.1111 0.0148 0.0012 0.0005 0.0012 0.0192 0.1771 0.6250
 0.2500 0.0777 0.0170 0.0115 0.0148 0.0192 0.0437 0.2303 0.7500
 0.1250 0.0722 0.0752 0.1059 0.1411 0.1771 0.2303 0.4178 0.8750
 0.0000 0.1250 0.2500 0.3750 0.5000 0.6250 0.7500 0.8750 1.0000
